2 12.7 59
2 12.7 59
2 12.7 70
2 12.7 70
2 25.4 419
2 25.4 419
3 25.4 50
1 8 350
1 8 350
1 8 450
1 8 450
2 12 500
2 12 500
2 25.4 250
2 25.4 275
2 25.4 275
3 25.4 350
2 25.4 300
3 25.4 300
2 25.4 100
3 26.5 3199
3 26.5 3199
3 26.5 600
2 26.5 1295
3 26.5 625
3 26.5 625
1 7 1650
1 7 1650
2 15 1650
2 15 1650
1 10 1500
1 10 1500
2 22.86 189
2 22.86 189
3 15 75
3 15 75
2 10 119
2 10 119
2 8 85
2 8 75
2 14 139
2 8 90
2 8 90
3 10 85
3 10 65
2 14 139
3 10 85
3 10 65
1 14 795
1 14 795
2 18 500
2 20 400
3 24 500
3 24 500
3 24 350
2 29 1200
2 29 1200
1 16 800
1 16 800
3 38 1495
3 38 1200
1 13 850
1 13 850
1 18 2000
1 18 2000
1 15 1600
1 15 1600
1 21 1795
1 21 1795
2 28 2100
2 28 2100
1 23 1999
1 23 1999
1 16 1500
1 16 1500
1 16 1495
1 16 1495
3 85 9995
2 55 2300
1 30 1995
2 48 2795
1 8 3500
1 8 3500
1 8 2800
3 80 2500
3 80 2500
3 38 1899
3 38 1899
2 30 500
2 30 500
3 38 1200
2 20 950
2 20 950
3 35 600
3 35 600
2 20 1900
2 10 83
2 10 83
2 10 79
2 10 79
1 8 175
1 8 150
2 12 60
2 12 60
2 12 145
2 12 145
3 14 113
3 14 113
2 12 89
2 12 89
1 9 125
1 9 125
3 14 125
3 14 125
3 18 119
3 18 119
2 12 17
2 12 17
2 12 25
2 12 25
1 9 60
1 9 100
1 9 100
3 18 20
3 18 20
3 18 75
3 18 75
1 10 90
1 10 90
1 9 60
1 9 60
1 9 45
1 9 45
1 9 40
1 9 40
2 12 20
2 12 20
2 12 25
2 12 25
3 18 35
3 18 35
1 9 30
1 9 30
3 18 40
3 18 40
1 10 35
1 10 35
3 18 90
3 18 90
1 9 13
1 9 13
1 10 75
1 10 75
1 10 60
1 10 60
1 9 90
1 9 90
2 12 20
2 12 20
3 18 75
3 18 75
2 12 30
2 12 30
2 12 19
2 12 19
2 12 15
2 12 15
2 12 109
2 12 109
3 12 75
3 12 75
3 12 65
3 12 65
2 12 120
2 12 120
2 12 140
2 12 140
2 10 19
2 10 19
1 8 5
1 8 5
2 10 25
2 10 25
2 10 20
2 10 20
2 10 12
2 10 12
2 10 20
2 10 20
3 10 8
3 10 8
2 10 20
3 10 6
3 10 6
2 30 249
2 30 249
2 30 550
2 30 550
1 15 475
1 15 475
2 30 375
2 30 375
2 30 275
2 30 275
1 17 300
1 17 300
2 25 200
2 25 200
3 30 300
3 30 300
2 25 800
2 28 850
2 28 850
1 17 750
1 17 750
1 17 300
1 17 300
1 17 250
1 17 250
1 11 349
1 11 349
1 15 250
1 15 250
2 25 350
2 25 350
2 30 300
2 30 300
2 27 225
2 27 225
2 27 325
2 27 325
2 19 550
2 21 500
2 21 500
1 11 350
1 11 350
3 30 500
3 30 500
2 18 350
1 15 325
1 9 300
1 9 300
2 25 350
2 25 350
1 17 400
1 17 400
2 21 449
1 9 300
1 9 300
2 28 99
2 28 99
2 26 219
2 26 219
2 29 119
2 29 119
2 30 159
2 30 159
2 25 139
2 25 139
1 20 200
1 20 200
1 20 120
1 20 120
1 18 100
1 18 100
2 23 100
2 23 100
2 28 360
2 28 360
1 16 125
1 16 125
1 18 150
1 18 150
1 20 100
1 20 100
1 16 80
1 16 80
1 15 150
1 15 150
1 18 125
1 18 125
2 23 140
2 23 140
1 9 220
1 9 220
1 16 120
1 16 120
2 28 150
2 28 150
2 26 200
2 23 125
2 23 125
2 21 85
3 30 200
3 30 200
2 21 120
2 21 120
3 30 175
3 30 175
2 24 140
2 25 80
2 28 350
2 28 350
3 30 200
3 30 200
1 21 1800
1 21 1800
1 15 900
1 15 900
1 17 1500
1 15 1300
1 18 1950
1 12 1950
1 22 2000
1 19 1800
1 19 1800
1 21 1800
1 21 1800
1 16 1200
1 16 1200
1 16 1250
1 16 1250
1 23 1775
3 35 2950
3 35 2950
1 19 1300
1 19 1200
3 26 700
1 23 1800
1 23 1800
1 23 1975
1 23 1975
1 8 1600
1 8 1600
1 16 1400
1 16 1400
2 11 199
2 11 199
2 12 249
2 12 249
2 11 229
2 11 229
1 8 125
1 8 125
2 11 187
2 11 187
2 11 349
2 11 349
2 10 99
2 10 99
2 11 249
2 11 445
2 11 295
3 12 120
1 8 250
1 8 250
3 12 300
2 11 295
1 9 130
1 9 130
2 11 349
2 11 349
1 9 120
2 11 280
1 9 250
1 9 250
2 20 699
2 20 699
3 23 200
3 23 200
1 6 500
1 6 500
1 15 650
2 20 875
2 20 875
1 8 450
1 8 450
1 12 350
1 13 795
1 13 795
3 23 500
3 23 699
3 23 699
2 76 1500
1 45 2300
1 45 2300
2 60 2000
2 60 2000
2 69 3000
2 69 3000
1 45 2400
1 49 2500
1 49 2500
1 45 2200
1 45 2200
3 87 1800
1 45 1430
2 70 1200
3 82 1000
2 70 1250
2 70 1250
1 49 3200
1 49 3200
1 48 1800
1 48 1800
2 60 1800
2 60 1800
1 50 2000
1 50 2000
3 76 1000
3 76 1000
2 60 500
2 60 500
1 40 950
1 40 950
2 50 2000
2 50 2000
1 15 1500
1 15 1500
1 16 2500
1 16 2500
1 25 750
1 25 750
3 78 1400
3 78 1400
3 80 2850
1 25 2195
1 25 2195
2 60 1800
2 60 1800
1 20 2400
1 50 1950
1 50 1950
3 82 1200
2 75 1000
1 40 1500
1 40 1500
1 50 1000
1 45 600
1 45 600
2 70 900
2 70 900
1 25 1695
1 25 1695
1 20 1849
1 20 1849
3 82 600
3 82 600
1 45 2000
1 45 2000
2 69 800
2 69 800
1 17 1900
1 17 1900
2 70 1600
2 70 1600
1 40 1800
1 40 1800
2 70 1100
1 20 1300
1 20 1300
3 85 500
2 60 1500
2 60 1500
3 82 1250
3 82 1250
3 80 1200
2 76 1600
3 80 1000
1 55 2500
1 55 2500
2 70 1000
2 70 1000
3 84 950
2 77 1800
3 82 2700
1 20 1200
1 20 1200
3 82 1150
1 15 2500
1 15 2500
2 62 1300
3 80 1300
3 80 1300
1 15 700
1 15 700
3 79 1000
2 23 505
2 23 505
1 8 450
1 8 450
3 28 295
3 28 295
1 8 500
1 8 500
1 10 395
1 10 395
3 27 200
3 27 200
2 21 640
1 10 395
1 10 395
1 7 300
1 7 300
2 23 475
2 23 475
2 20 250
2 20 250
2 21 325
2 21 325
1 15 400
1 15 400
2 19 300
1 16 600
1 16 600
1 9 300
1 9 300
3 27 300
3 27 250
1 11 400
1 11 400
1 7 230
1 7 230
1 16 600
1 16 650
2 22 325
2 22 325
1 13 450
1 13 450
2 17 299
2 17 299
2 19 450
2 19 450
2 20 250
2 20 225
2 20 225
2 20 275
2 20 275
2 22 400
2 22 600
3 29 200
1 13 450
1 13 450
2 19 750
2 19 750
1 7 325
1 7 325
1 11 400
1 11 400
1 13 500
1 13 500
1 11 392
1 11 392
1 13 650
1 13 650
1 15 500
1 15 500
1 7 275
1 7 275
1 9 325
1 9 325
1 12 550
1 12 550
1 8 450
1 8 450
1 9 250
1 11 375
1 11 375
1 8 400
1 8 400
1 9 625
1 8 599
1 8 599
1 6 350
1 6 350
1 12 450
1 12 450
1 9 599
1 9 599
1 8 799
1 8 799
1 9 350
1 12 300
1 12 300
1 9 370
1 9 370
1 7 400
1 7 400
1 8 275
1 8 275
1 11 700
1 11 700
1 10 900
2 20 800
1 10 1250
2 19 1340
1 9 800
1 9 800
1 12 800
3 22 1200
3 22 1200
1 7 975
1 7 975
1 12 750
1 12 1100
1 12 1100
1 11 1195
1 11 1195
1 9 850
1 9 850
1 12 1300
1 12 1300
1 8 1200
1 9 1250
1 9 1250
2 15 45
2 15 45
2 15 39
2 15 39
3 20 20
3 20 20
3 20 10
3 20 10
3 20 25
3 20 25
2 15 30
2 15 30
2 13 20
2 13 20
2 17 40
2 17 40
3 20 27
3 20 27
2 15 25
2 15 25
2 16 99
2 16 99
2 16 249
2 16 249
2 16 149
2 16 149
2 14 65
2 14 65
3 20 80
3 20 80
2 16 149
3 20 139
3 20 139
2 16 149
2 16 149
2 17 199
2 17 299
2 17 199
2 14 56
2 14 75
2 16 95
1 8 49
1 8 49
1 11 98
1 11 98
1 12 99
1 12 99
2 27 2199
2 27 2199
3 30 750
2 27 900
2 27 900
1 14 2500
1 14 2500
1 9 1600
1 9 1600
2 19 1250
1 16 1300
1 10 2200
1 10 2200
1 16 1900
2 18 1500
1 17 1900
1 17 1900
1 15 1200
1 15 1200
1 8 1800
1 8 1800
1 9 1200
1 9 1200
2 22 2000
3 31 1500
1 8 1500
1 8 1500
1 11 1600
1 11 1600
1 15 1200
1 15 1200
1 16 1100
2 29 2500
2 29 2500
3 30 2250
3 30 2250
3 30 1725
1 17 2295
1 17 2295
1 15 1500
2 22 2000
2 25 1800
1 11 2650
1 11 2650
1 11 2600
1 9 2350
1 9 2350
2 26 2100
2 26 2100
1 15 1195
1 15 1195
3 29 1500
1 9 2400
1 9 2400
1 13 1200
1 13 1200
2 21 1600
2 21 1600
1 9 2400
2 24 1700
2 24 1700
1 10 1500
1 10 1500
1 12 1200
1 12 1200
1 13 1300
1 13 1300
3 30 1600
1 10 2500
1 10 2500
3 30 1800
3 30 1800
1 11 1800
1 11 1800
2 20 1400
2 20 1400
3 30 1750
3 30 1750
2 26 2200
2 26 2200
1 17 2500
1 16 1500
1 7 2000
1 7 2000
1 7 3000
1 7 3000
3 29 2000
1 9 2400
1 15 2200
1 15 2200
1 12 2400
3 30 2500
3 30 2500
1 13 1400
2 26 2500
2 26 2500
1 11 2400
1 11 2400
1 8 1195
1 8 1195
2 30 295
2 30 295
1 16 500
1 14 595
1 14 595
3 38 300
3 39 375
3 39 375
2 29 300
2 29 300
1 18 475
1 18 475
3 36 400
3 36 400
2 24 200
3 37 450
3 39 450
3 39 450
2 35 500
2 27 600
2 27 600
1 17 600
1 17 600
1 20 375
1 20 375
3 40 300
3 39 400
3 39 250
1 15 450
1 15 450
2 33 249
2 33 249
2 30 699
2 30 699
3 40 1100
1 16 900
1 16 900
3 40 2300
1 18 300
1 18 300
3 40 275
1 20 575
1 20 575
2 15 89
2 15 89
2 15 79
3 17 200
3 17 200
2 13 50
2 13 50
1 12 140
1 12 140
3 17 55
3 17 55
2 14 75
2 14 75
2 15 50
2 15 50
1 14 60
1 14 60
1 9 100
1 9 100
1 12 80
1 12 80
1 14 85
1 14 85
2 16 60
2 16 60
1 7 85
1 7 85
2 12 60
2 12 60
2 15 60
2 12 199
1 7 60
1 7 60
2 12 125
2 12 125
1 13 75
1 13 75
1 13 125
1 13 125
1 13 100
1 13 100
2 15 40
2 15 40
2 15 45
2 15 45
1 9 125
1 9 125
1 10 125
3 17 175
3 17 175
1 11 1500
1 11 1500
2 32 650
3 45 800
3 45 800
2 26 1400
2 26 1400
1 20 1800
1 20 1800
1 21 1450
1 21 1450
1 9 2500
1 9 2500
1 12 1750
1 12 1750
1 10 180
1 11 200
1 11 200
2 19 400
2 19 400
1 13 350
1 13 350
2 20 800
2 20 800
1 15 220
2 21 280
1 9 200
1 9 200
1 10 300
1 10 300
1 12 550
1 12 550
1 14 800
1 14 800
1 15 649
1 15 649
1 15 1500
2 17 1199
1 11 1400
1 11 1400
1 13 1800
1 13 1800
1 15 1450
1 15 1450
1 13 750
1 15 895
1 14 1199
2 20 1800
2 19 699
2 19 699
3 23 650
3 23 450
1 11 1000
2 20 1800
3 23 200
3 23 200
3 23 450
2 15 400
2 15 400
1 7 600
1 7 600
3 23 350
1 7 500
1 7 500
1 9 600
1 9 600
1 7 550
1 7 550
1 12 650
2 16 875
1 9 450
1 9 450
2 15 650
2 15 650
2 16 350
2 15 699
2 15 699
1 12 795
1 12 795
3 23 500
3 23 699
3 23 699
1 10 650
1 10 650
1 12 200
2 23 350
2 21 350
3 25 250
1 14 350
1 14 350
1 11 300
1 11 300
1 17 699
1 17 699
2 22 250
1 16 450
1 16 450
1 8 500
1 8 500
2 15 300
2 15 300
1 11 350
1 11 350
2 19 300
1 13 200
1 13 200
1 14 300
1 14 300
1 16 399
1 16 399
1 9 350
1 9 350
1 15 300
1 15 300
2 15 200
2 15 200
1 13 450
1 13 450
1 11 200
1 11 200
1 16 375
1 16 375
1 10 450
2 14 350
2 14 350
1 13 275
1 13 275
2 19 400
2 19 400
1 7 300
1 7 300
3 26 1500
3 26 1500
2 19 600
2 19 600
1 13 325
1 13 325
1 6 250
1 6 250
2 21 300
2 21 300
1 6 195
1 6 195
2 19 300
2 19 300
3 18 20
3 18 20
1 9 60
1 9 60
2 15 25
2 15 25
1 10 35
1 10 35
1 11 40
1 11 40
1 15 20
1 15 20
1 11 25
1 11 25
2 13 50
2 13 50
1 11 35
1 11 35
1 12 30
1 12 30
3 17 40
3 17 40
1 11 35
1 11 35
1 10 60
1 10 60
1 12 90
1 12 90
3 18 20
3 17 15
2 14 15
2 14 15
2 15 19
2 15 19
1 11 30
1 11 30
2 13 25
2 13 25
3 11 10
3 11 10
2 10 10
2 10 10
2 10 11
2 10 11
2 10 13
2 10 13
1 9 15
1 9 15
2 10 21
2 10 21
2 10 25
2 10 25
2 10 20
2 10 20
2 10 39
2 10 39
3 11 37
3 11 37
3 15 40
3 15 40
1 5 30
1 5 30
1 6 45
1 6 45
1 7 50
1 7 50
2 14 89
2 14 89
2 11 95
2 11 95
2 10 95
2 10 95
3 14 100
3 14 100
2 12 115
1 10 125
2 15 135
1 9 140
1 9 140
2 10 45
2 10 45
2 10 50
2 10 50
3 11 50
3 11 50
3 11 50
3 11 50
2 10 50
2 10 50
2 10 60
2 10 60
3 11 85
3 11 85
3 11 75
3 11 75
2 10 46
2 10 46
3 11 6
3 11 6
1 8 7
1 8 7
1 9 15
1 9 15
2 10 20
2 11 25
2 11 25